# Comment lines (like this one) and blank lines are ignored,
# central-wavelength and half-width units are always microns

# @DEPTH_UNITS sets the depth and uncert units (e.g., none, percent, ppt, ppm)
@DEPTH_UNITS
ppm

# depth  depth_err    wl      half_width    instrument
@DATA
20667.1    274.2      0.52132    0.00425    nirspec_prism
20940.2    201.4      0.53004    0.00446    nirspec_prism
21186.6    160.5      0.53919    0.00469    nirspec_prism
21296.6    140.8      0.54883    0.00494    nirspec_prism
21068.6    127.9      0.55899    0.00522    nirspec_prism
21401.9    120.0      0.56972    0.00551    nirspec_prism
21323.3    115.7      0.58106    0.00583    nirspec_prism
21600.7    110.7      0.59308    0.00619    nirspec_prism
21188.3    109.9      0.60584    0.00657    nirspec_prism
21165.7    108.5      0.61940    0.00700    nirspec_prism
20782.0    102.8      2.16754    0.02619    nirspec_prism
20678.7    103.0      2.21948    0.02575    nirspec_prism
20763.7    103.2      2.27053    0.02531    nirspec_prism
20882.1    103.9      2.32074    0.02489    nirspec_prism
21146.4    104.1      2.37011    0.02448    nirspec_prism
21085.5    104.4      2.41868    0.02408    nirspec_prism
21295.9    105.1      2.46646    0.02370    nirspec_prism
21384.6    105.3      2.51348    0.02332    nirspec_prism
21548.8    105.8      2.55977    0.02296    nirspec_prism
21586.7    106.4      2.60535    0.02261    nirspec_prism
21727.7    106.5      2.65024    0.02228    nirspec_prism
21886.0    107.1      2.69447    0.02195    nirspec_prism
21781.4    108.2      2.73806    0.02164    nirspec_prism
21739.2    109.1      2.78103    0.02133    nirspec_prism
21985.5    110.2      2.82341    0.02104    nirspec_prism
21814.2    109.8      2.86520    0.02076    nirspec_prism
21739.9    110.7      2.90644    0.02048    nirspec_prism
21544.3    111.8      2.94714    0.02022    nirspec_prism
21593.2    112.0      2.98732    0.01996    nirspec_prism
21582.6    113.4      3.02699    0.01971    nirspec_prism
21418.1    113.2      3.06617    0.01947    nirspec_prism
21332.9    113.6      3.10488    0.01924    nirspec_prism
21357.2    115.5      3.14313    0.01901    nirspec_prism
21276.1    115.3      3.18093    0.01879    nirspec_prism
21304.9    114.9      3.21830    0.01858    nirspec_prism
21037.3    116.2      3.25525    0.01837    nirspec_prism
21048.0    117.3      3.29179    0.01817    nirspec_prism
21141.1    117.6      3.32794    0.01798    nirspec_prism
21217.7    119.2      3.36370    0.01779    nirspec_prism
21146.9    120.3      3.39910    0.01760    nirspec_prism
21107.9    120.9      3.43412    0.01742    nirspec_prism
21127.9    121.3      3.46880    0.01725    nirspec_prism
21073.3    123.0      3.50312    0.01708    nirspec_prism
21062.6    123.2      3.53712    0.01691    nirspec_prism
21140.3    124.5      3.57079    0.01675    nirspec_prism
21101.9    125.9      3.60414    0.01660    nirspec_prism
21064.2    125.8      3.63718    0.01644    nirspec_prism
21085.2    126.8      3.66991    0.01629    nirspec_prism
20801.9    128.3      3.70236    0.01615    nirspec_prism
21067.3    129.4      3.73451    0.01601    nirspec_prism
20925.4    129.0      3.76638    0.01587    nirspec_prism
20972.1    131.0      3.79798    0.01573    nirspec_prism
20942.9    133.8      3.82931    0.01560    nirspec_prism
20889.5    134.0      3.86038    0.01547    nirspec_prism
20763.0    134.7      3.89119    0.01534    nirspec_prism
20924.4    137.9      3.92175    0.01522    nirspec_prism
20824.6    139.9      3.95207    0.01510    nirspec_prism
21103.9    139.2      3.98214    0.01498    nirspec_prism
21165.3    140.3      4.01199    0.01486    nirspec_prism
21218.4    140.9      4.04160    0.01475    nirspec_prism
21097.2    142.6      4.07098    0.01464    nirspec_prism
20733.9    145.4      4.10015    0.01453    nirspec_prism
20955.5    146.3      4.12910    0.01442    nirspec_prism
21173.5    144.6      4.15784    0.01432    nirspec_prism
21139.9    149.1      4.18637    0.01421    nirspec_prism
21687.0    150.2      4.21469    0.01411    nirspec_prism
21786.0    148.9      4.24282    0.01401    nirspec_prism
22375.3    151.0      4.27075    0.01392    nirspec_prism
22276.0    153.6      4.29849    0.01382    nirspec_prism
22321.2    154.2      4.32604    0.01373    nirspec_prism
22565.8    157.5      4.35340    0.01364    nirspec_prism
22371.4    160.8      4.38059    0.01355    nirspec_prism
22472.4    161.2      4.40759    0.01346    nirspec_prism
22229.7    160.0      4.43442    0.01337    nirspec_prism
21775.0    163.5      4.46107    0.01329    nirspec_prism
22120.0    165.8      4.48756    0.01320    nirspec_prism
21515.4    168.2      4.51388    0.01312    nirspec_prism
21658.1    170.9      4.54004    0.01304    nirspec_prism
21480.6    171.6      4.56603    0.01296    nirspec_prism
21493.4    178.4      4.59187    0.01288    nirspec_prism
21386.4    174.9      4.61755    0.01280    nirspec_prism
21415.1    177.9      4.64307    0.01273    nirspec_prism
21232.7    178.1      4.66845    0.01265    nirspec_prism
21340.8    181.1      4.69367    0.01258    nirspec_prism
21496.3    184.2      4.71876    0.01250    nirspec_prism
21290.0    183.6      4.74369    0.01243    nirspec_prism
21561.9    184.0      4.76849    0.01236    nirspec_prism
21352.3    185.2      4.79314    0.01229    nirspec_prism
21321.5    190.4      4.81766    0.01222    nirspec_prism
21429.3    197.3      4.84204    0.01216    nirspec_prism
21408.8    197.2      4.86629    0.01209    nirspec_prism
21186.5    194.1      4.89041    0.01203    nirspec_prism
21026.4    196.9      4.91440    0.01196    nirspec_prism
21525.5    201.1      4.93826    0.01190    nirspec_prism
21681.5    201.2      4.96199    0.01184    nirspec_prism
20890.9    202.2      4.98560    0.01177    nirspec_prism
21037.0    204.2      5.00909    0.01171    nirspec_prism
20933.1    208.2      5.03245    0.01165    nirspec_prism
21233.3    207.3      5.05570    0.01159    nirspec_prism
21359.2    215.5      5.07883    0.01154    nirspec_prism
20802.7    225.6      5.10184    0.01148    nirspec_prism
21378.0    217.0      5.12474    0.01142    nirspec_prism
21330.1    222.9      5.14753    0.01136    nirspec_prism
21084.7    227.1      5.17020    0.01131    nirspec_prism
20987.9    224.7      5.19277    0.01125    nirspec_prism
21348.2    225.9      5.21522    0.01120    nirspec_prism
21347.9    230.1      5.23757    0.01115    nirspec_prism
21101.2    233.2      5.25981    0.01109    nirspec_prism
21232.5    231.8      5.28195    0.01104    nirspec_prism
20965.7    238.3      5.30399    0.01099    nirspec_prism
21313.7    249.1      5.32592    0.01094    nirspec_prism
21501.3    343.0      5.34412    0.00727    nirspec_prism

21145.3    118.7      0.63298    0.00336    niriss_soss2
21297.0    107.0      0.63971    0.00337    niriss_soss2
21200.6    103.8      0.64647    0.00339    niriss_soss2
21152.9     96.7      0.65327    0.00341    niriss_soss2
21149.8     89.3      0.66009    0.00342    niriss_soss2
21350.6     89.8      0.66695    0.00344    niriss_soss2
21116.5     82.8      0.67384    0.00345    niriss_soss2
21043.1     85.7      0.68076    0.00347    niriss_soss2
21122.6     82.9      0.68770    0.00348    niriss_soss2
21220.1     83.2      0.69468    0.00349    niriss_soss2
21213.0     75.9      0.70190    0.00373    niriss_soss2
21139.6     61.2      0.71269    0.00706    niriss_soss2
21159.8     75.7      0.73420    0.00379    niriss_soss2
21152.1     82.0      0.74179    0.00381    niriss_soss2
21108.5     81.9      0.74942    0.00382    niriss_soss2
21107.9     79.1      0.75707    0.00383    niriss_soss2
21415.5     81.0      0.76475    0.00385    niriss_soss2
21178.2     81.1      0.77268    0.00409    niriss_soss2
21031.0     86.9      0.78086    0.00410    niriss_soss2
21114.7     89.0      0.78908    0.00411    niriss_soss2
21156.7     91.6      0.79731    0.00413    niriss_soss2
21157.4     87.2      0.80558    0.00414    niriss_soss2
21090.7     95.8      0.81386    0.00415    niriss_soss2
20967.0     95.2      0.82217    0.00416    niriss_soss2
21111.3    107.1      0.83051    0.00417    niriss_soss2
21060.6    107.3      0.83910    0.00442    niriss_soss2
21057.6    105.6      0.84841    0.00489    niriss_soss2

20943.2     87.1      0.87711    0.00445    niriss_soss1
21115.9     85.6      0.88603    0.00446    niriss_soss1
21123.2     85.0      0.89542    0.00492    niriss_soss1
21104.5     79.9      0.90528    0.00494    niriss_soss1
21099.9     78.9      0.91516    0.00495    niriss_soss1
21272.6     80.0      0.92507    0.00496    niriss_soss1
21252.3     78.8      0.93501    0.00497    niriss_soss1
21349.3     80.3      0.94497    0.00499    niriss_soss1
21277.1     77.5      0.95496    0.00500    niriss_soss1
21225.5     78.6      0.96497    0.00501    niriss_soss1
21089.7     78.5      0.97500    0.00502    niriss_soss1
20885.8     76.2      0.98506    0.00503    niriss_soss1
21051.4     74.2      0.99514    0.00505    niriss_soss1
21090.7     73.8      1.00524    0.00506    niriss_soss1
20993.5     73.2      1.01583    0.00553    niriss_soss1
21025.9     72.3      1.02690    0.00554    niriss_soss1
20997.5     72.2      1.03799    0.00555    niriss_soss1
21002.4     71.6      1.04911    0.00556    niriss_soss1
21023.2     69.9      1.06025    0.00558    niriss_soss1
20996.2     70.0      1.07141    0.00559    niriss_soss1
21262.1     73.8      1.08260    0.00560    niriss_soss1
21119.9     74.4      1.09381    0.00561    niriss_soss1
21282.5     71.6      1.10504    0.00562    niriss_soss1
21351.1     69.9      1.11629    0.00563    niriss_soss1
21283.4     69.1      1.12803    0.00611    niriss_soss1
21394.0     67.4      1.14027    0.00612    niriss_soss1
21213.8     67.7      1.15252    0.00613    niriss_soss1
21295.1     70.5      1.16480    0.00614    niriss_soss1
21281.2     67.8      1.17710    0.00616    niriss_soss1
21181.7     67.4      1.18942    0.00617    niriss_soss1
21170.5     67.2      1.20176    0.00618    niriss_soss1
21096.4     66.6      1.21412    0.00619    niriss_soss1
21121.1     67.0      1.22650    0.00619    niriss_soss1
21044.1     63.0      1.24320    0.01050    niriss_soss1
20968.5     68.7      1.26232    0.00670    niriss_soss1
20976.0     69.1      1.27572    0.00671    niriss_soss1
20963.5     66.7      1.28915    0.00672    niriss_soss1
20976.5     67.3      1.30259    0.00673    niriss_soss1
21172.7     69.1      1.31605    0.00673    niriss_soss1
21289.6     69.8      1.32953    0.00674    niriss_soss1
21403.8     70.4      1.34302    0.00675    niriss_soss1
21620.8     68.3      1.35701    0.00724    niriss_soss1
21509.5     70.0      1.37150    0.00725    niriss_soss1
21515.5     68.8      1.38601    0.00726    niriss_soss1
21541.3     70.1      1.40053    0.00727    niriss_soss1
21549.3     70.5      1.41507    0.00727    niriss_soss1
21616.2     70.6      1.42962    0.00728    niriss_soss1
21571.0     71.8      1.44419    0.00729    niriss_soss1
21372.3     71.7      1.45926    0.00778    niriss_soss1
21469.9     71.2      1.47482    0.00779    niriss_soss1
21301.3     70.1      1.49040    0.00779    niriss_soss1
21291.7     74.2      1.50599    0.00780    niriss_soss1
21201.2     72.6      1.52160    0.00780    niriss_soss1
21112.6     74.2      1.53721    0.00781    niriss_soss1
21092.3     76.3      1.55283    0.00782    niriss_soss1
21178.6     72.5      1.56896    0.00831    niriss_soss1
21015.4     72.0      1.58558    0.00831    niriss_soss1
20997.3     76.0      1.60221    0.00832    niriss_soss1
20994.8     78.2      1.61885    0.00832    niriss_soss1
20962.3     76.5      1.63550    0.00833    niriss_soss1
20894.0     78.7      1.65216    0.00833    niriss_soss1
20910.3     78.2      1.66932    0.00882    niriss_soss1
20893.9     79.6      1.68697    0.00883    niriss_soss1
20824.1     78.7      1.70463    0.00883    niriss_soss1
21024.1     83.5      1.72229    0.00883    niriss_soss1
21035.2     81.9      1.73996    0.00884    niriss_soss1
21210.4     84.1      1.75764    0.00884    niriss_soss1
21175.6     82.8      1.77581    0.00933    niriss_soss1
21232.2     85.2      1.79447    0.00933    niriss_soss1
21270.8     86.3      1.81314    0.00934    niriss_soss1
21315.9     90.5      1.83181    0.00934    niriss_soss1
21632.2     94.1      1.85049    0.00934    niriss_soss1
21497.0     90.1      1.86966    0.00983    niriss_soss1
21512.0     94.7      1.88932    0.00983    niriss_soss1
21324.4     93.7      1.90898    0.00983    niriss_soss1
21269.6     96.8      1.92865    0.00983    niriss_soss1
21303.4     97.9      1.94831    0.00983    niriss_soss1
21539.5     96.9      1.96847    0.01033    niriss_soss1
21015.1     98.6      1.99011    0.01131    niriss_soss1
21408.5    104.9      2.03042    0.01033    niriss_soss1
21095.9    102.6      2.05108    0.01033    niriss_soss1
21070.9    109.6      2.07222    0.01082    niriss_soss1
21033.0    102.2      2.09385    0.01082    niriss_soss1
20950.8    112.4      2.11549    0.01082    niriss_soss1
21021.2    114.6      2.13713    0.01082    niriss_soss1
20995.1    111.8      2.15926    0.01131    niriss_soss1
20695.8    113.7      2.18188    0.01131    niriss_soss1
20951.4    120.7      2.20450    0.01131    niriss_soss1
20851.7    117.9      2.22664    0.01082    niriss_soss1
20845.8    123.8      2.25075    0.01132    niriss_soss1
21066.7    102.7      2.27929    0.01723    niriss_soss1
20928.4    126.8      2.32310    0.01182    niriss_soss1
21026.1    133.9      2.34674    0.01182    niriss_soss1
21252.3    136.5      2.37089    0.01232    niriss_soss1
21140.9    117.0      2.40688    0.02367    niriss_soss1
21168.2    145.0      2.44487    0.01234    niriss_soss1
21572.3    149.4      2.47006    0.01285    niriss_soss1
21073.3    233.5      2.48883    0.00494    niriss_soss1
21491.8    159.3      2.52099    0.01237    niriss_soss1
21585.1    175.5      2.56607    0.01289    niriss_soss1
21262.1    172.7      2.59237    0.01341    niriss_soss1
21334.2    175.2      2.61920    0.01343    niriss_soss1
21685.7    171.7      2.64607    0.01345    niriss_soss1
21919.6    148.2      2.68198    0.02246    niriss_soss1
21796.0    191.5      2.72046    0.01402    niriss_soss1
21596.7    201.8      2.74852    0.01405    niriss_soss1
21556.1    184.3      2.78118    0.01861    niriss_soss1
21864.3    441.2      2.80484    0.00302    niriss_soss1

22060.8    374.9      2.7388    0.0139    nirspec_g395h_nrs1
21890.3    141.7      2.7667    0.0139    nirspec_g395h_nrs1
21947.9    102.3      2.7949    0.0143    nirspec_g395h_nrs1
21850.8     84.7      2.8234    0.0143    nirspec_g395h_nrs1
21845.1     70.5      2.8523    0.0146    nirspec_g395h_nrs1
21751.3     95.0      2.8815    0.0146    nirspec_g395h_nrs1
21713.8     70.6      2.9110    0.0150    nirspec_g395h_nrs1
21597.9     72.0      2.9409    0.0149    nirspec_g395h_nrs1
21524.0     63.0      2.9711    0.0153    nirspec_g395h_nrs1
21387.2     78.1      3.0016    0.0152    nirspec_g395h_nrs1
21336.5     63.3      3.0321    0.0152    nirspec_g395h_nrs1
21272.1    105.3      3.0630    0.0156    nirspec_g395h_nrs1
21281.0     65.7      3.0941    0.0156    nirspec_g395h_nrs1
21174.6     59.7      3.1257    0.0159    nirspec_g395h_nrs1
21192.5     87.6      3.1575    0.0159    nirspec_g395h_nrs1
21113.1     76.5      3.1896    0.0162    nirspec_g395h_nrs1
21148.5     73.1      3.2221    0.0162    nirspec_g395h_nrs1
21195.5     56.9      3.2550    0.0166    nirspec_g395h_nrs1
21146.4     69.7      3.2881    0.0166    nirspec_g395h_nrs1
21093.9     91.2      3.3216    0.0169    nirspec_g395h_nrs1
21100.4     59.7      3.3554    0.0169    nirspec_g395h_nrs1
21061.8     60.2      3.3895    0.0172    nirspec_g395h_nrs1
21092.8     66.7      3.4239    0.0172    nirspec_g395h_nrs1
21035.1     61.0      3.4587    0.0175    nirspec_g395h_nrs1
21030.4     60.8      3.4941    0.0179    nirspec_g395h_nrs1
21082.6     59.7      3.5299    0.0179    nirspec_g395h_nrs1
21039.1     62.2      3.5659    0.0182    nirspec_g395h_nrs1
21106.3     64.5      3.6024    0.0182    nirspec_g395h_nrs1
20867.7     62.9      3.6391    0.0185    nirspec_g395h_nrs1
20962.2     53.8      3.6865    0.0289    nirspec_g395h_nrs1

20824.8     81.7      3.8486    0.0195    nirspec_g395h_nrs2
20955.4     76.2      3.8879    0.0198    nirspec_g395h_nrs2
20765.0     81.6      3.9275    0.0198    nirspec_g395h_nrs2
20953.1     76.2      3.9673    0.0201    nirspec_g395h_nrs2
21134.1     78.0      4.0079    0.0204    nirspec_g395h_nrs2
21066.0     81.9      4.0487    0.0204    nirspec_g395h_nrs2
21240.0     80.8      4.0899    0.0207    nirspec_g395h_nrs2
21019.1     84.3      4.1316    0.0210    nirspec_g395h_nrs2
20969.0     84.5      4.1737    0.0210    nirspec_g395h_nrs2
21462.0     85.0      4.2161    0.0214    nirspec_g395h_nrs2
22063.0     83.9      4.2591    0.0217    nirspec_g395h_nrs2
22362.0     88.9      4.3025    0.0217    nirspec_g395h_nrs2
22533.1     99.1      4.3461    0.0220    nirspec_g395h_nrs2
22300.8     94.2      4.3904    0.0223    nirspec_g395h_nrs2
22170.0     92.4      4.4353    0.0226    nirspec_g395h_nrs2
21934.3     95.0      4.4804    0.0226    nirspec_g395h_nrs2
21544.2    101.5      4.5259    0.0229    nirspec_g395h_nrs2
21619.3    104.7      4.5720    0.0232    nirspec_g395h_nrs2
21215.0    110.5      4.6187    0.0235    nirspec_g395h_nrs2
21280.1    119.1      4.6657    0.0235    nirspec_g395h_nrs2
21354.6    109.7      4.7129    0.0238    nirspec_g395h_nrs2
21275.4    116.1      4.7608    0.0241    nirspec_g395h_nrs2
21366.8    106.7      4.8093    0.0244    nirspec_g395h_nrs2
21280.7    121.7      4.8584    0.0247    nirspec_g395h_nrs2
21448.4    115.1      4.9078    0.0247    nirspec_g395h_nrs2
21285.7    110.4      4.9574    0.0250    nirspec_g395h_nrs2
21089.7    128.2      5.0076    0.0253    nirspec_g395h_nrs2
21243.9    128.8      5.0585    0.0256    nirspec_g395h_nrs2
21048.4    109.4      5.1279    0.0438    nirspec_g395h_nrs2

21201.6    132.2      2.4328    0.0124    nircam_f322w2
21506.6    123.8      2.4576    0.0124    nircam_f322w2
21421.2    120.3      2.4830    0.0129    nircam_f322w2
21480.5    120.5      2.5089    0.0129    nircam_f322w2
21384.7    116.2      2.5347    0.0129    nircam_f322w2
21640.3    118.5      2.5606    0.0130    nircam_f322w2
21463.3    115.9      2.5870    0.0134    nircam_f322w2
21448.7    115.0      2.6139    0.0135    nircam_f322w2
21582.8    109.5      2.6408    0.0135    nircam_f322w2
21867.5    111.2      2.6678    0.0135    nircam_f322w2
21740.6    100.4      2.6952    0.0140    nircam_f322w2
21753.2    125.5      2.7232    0.0140    nircam_f322w2
21702.1    105.1      2.7511    0.0140    nircam_f322w2
21695.4    110.2      2.7791    0.0140    nircam_f322w2
21816.8    106.2      2.8076    0.0145    nircam_f322w2
21730.3    122.0      2.8366    0.0145    nircam_f322w2
21621.2    113.6      2.8656    0.0145    nircam_f322w2
21762.5    123.4      2.8951    0.0150    nircam_f322w2
21675.7     98.9      2.9251    0.0150    nircam_f322w2
21706.7    104.9      2.9552    0.0150    nircam_f322w2
21490.9    106.0      2.9852    0.0150    nircam_f322w2
21408.1    110.8      3.0158    0.0155    nircam_f322w2
21346.1     99.3      3.0469    0.0155    nircam_f322w2
21382.2     98.8      3.0779    0.0155    nircam_f322w2
21402.3    109.6      3.1095    0.0160    nircam_f322w2
21385.2    121.1      3.1416    0.0161    nircam_f322w2
21078.1    100.6      3.1737    0.0161    nircam_f322w2
21288.7    100.3      3.2064    0.0166    nircam_f322w2
21198.7    100.2      3.2395    0.0166    nircam_f322w2
21022.4    101.7      3.2726    0.0166    nircam_f322w2
21014.7     95.5      3.3063    0.0171    nircam_f322w2
21185.3     98.0      3.3404    0.0171    nircam_f322w2
21246.3    103.4      3.3746    0.0171    nircam_f322w2
21064.8    102.0      3.4093    0.0176    nircam_f322w2
21260.6     97.3      3.4445    0.0176    nircam_f322w2
20909.2     99.4      3.4797    0.0176    nircam_f322w2
21017.2     97.6      3.5154    0.0181    nircam_f322w2
21044.6     99.5      3.5516    0.0181    nircam_f322w2
21052.6     97.8      3.5878    0.0181    nircam_f322w2
20954.3    100.1      3.6245    0.0186    nircam_f322w2
20970.9     95.3      3.6617    0.0186    nircam_f322w2
21028.8    113.4      3.6989    0.0186    nircam_f322w2
20914.1     96.0      3.7367    0.0191    nircam_f322w2
21058.6    101.5      3.7749    0.0191    nircam_f322w2
20739.2    101.4      3.8136    0.0196    nircam_f322w2
21005.8     99.8      3.8529    0.0196    nircam_f322w2
20738.8    116.1      3.8921    0.0196    nircam_f322w2
20976.7    104.0      3.9318    0.0201    nircam_f322w2
21040.7    114.5      3.9883    0.0363    nircam_f322w2

21351.2     92.8      5.125    0.125    miri_lrs
21517.2    125.0      5.375    0.125    miri_lrs
21357.7    149.6      5.625    0.125    miri_lrs
21362.2    125.8      5.875    0.125    miri_lrs
21266.6    124.0      6.125    0.125    miri_lrs
21260.7    135.6      6.375    0.125    miri_lrs
21416.0    153.1      6.625    0.125    miri_lrs
21443.8    175.4      6.875    0.125    miri_lrs
21580.2    171.6      7.125    0.125    miri_lrs
22099.7    205.0      7.375    0.125    miri_lrs
21642.4    194.3      7.625    0.125    miri_lrs
21355.1    200.0      7.875    0.125    miri_lrs
20999.2    231.8      8.125    0.125    miri_lrs
21338.9    223.8      8.375    0.125    miri_lrs
21350.3    251.9      8.625    0.125    miri_lrs
21690.3    256.9      8.875    0.125    miri_lrs
21314.7    288.9      9.125    0.125    miri_lrs
21043.5    314.9      9.375    0.125    miri_lrs
21000.1    323.3      9.625    0.125    miri_lrs
21345.3    295.8      9.875    0.125    miri_lrs
20383.2    393.7     10.125    0.125    miri_lrs
19927.7    464.2     10.375    0.125    miri_lrs
20268.0    422.3     10.625    0.125    miri_lrs
20159.4    564.7     10.875    0.125    miri_lrs
20928.5    789.4     11.125    0.125    miri_lrs
19224.0    846.0     11.375    0.125    miri_lrs
20182.9    948.8     11.625    0.125    miri_lrs
20076.2    996.2     11.875    0.125    miri_lrs
