# wavelength response_function
# um         electrons/photon 
0.3501 0.0
0.355  0.0027411990927
0.360  0.00797897050977
0.365  0.0195086216784
0.370  0.0411218614515
0.375  0.0752118221188
0.380  0.123726031915
0.385  0.182990904748
0.390  0.235613083186
0.395  0.27508727386
0.400  0.310371291
0.405  0.350973617968
0.410  0.396183434394
0.415  0.440679886285
0.420  0.474983437512
0.425  0.509118023539
0.430  0.546594053869
0.435  0.580665053284
0.440  0.61231785024
0.445  0.640825753382
0.450  0.66638775439
0.455  0.685952239434
0.460  0.702357113621
0.465  0.718952729781
0.470  0.736597290741
0.475  0.751432680246
0.480  0.768113554576
0.485  0.786228721503
0.490  0.804713617615
0.495  0.823763750283
0.500  0.841738920542
0.505  0.856601897198
0.510  0.869511799782
0.515  0.880924406794
0.520  0.889500475679
0.525  0.895731811957
0.530  0.899624514302
0.535  0.901117139234
0.540  0.900657978882
0.545  0.899288619291
0.550  0.897535929378
0.555  0.894691482043
0.560  0.892322051731
0.565  0.890306791982
0.570  0.887238670023
0.575  0.88472795775
0.580  0.882811041004
0.585  0.880514671386
0.590  0.878080505701
0.595  0.875861249406
0.600  0.87402389494
0.605  0.872220605615
0.610  0.870136673945
0.615  0.867120264899
0.620  0.862993567457
0.625  0.857295360164
0.630  0.850586682705
0.635  0.843122325548
0.640  0.834538915009
0.645  0.824113174223
0.650  0.81331517441
0.655  0.802664820696
0.660  0.792245951224
0.665  0.781135803582
0.670  0.769618240135
0.675  0.758664016809
0.680  0.748350955321
0.685  0.738277172433
0.690  0.727460099003
0.695  0.715028696896
0.700  0.702650380513
0.705  0.690612721557
0.710  0.679047806526
0.715  0.668514894715
0.720  0.658375479632
0.725  0.648619084352
0.730  0.639158886067
0.735  0.629901634372
0.740  0.621610663174
0.745  0.614327136495
0.750  0.6069280875
0.755  0.599500351801
0.760  0.592278885904
0.765  0.585623364451
0.770  0.579097967609
0.775  0.573161008124
0.780  0.567412562313
0.785  0.561770681617
0.790  0.555686787498
0.795  0.548937498336
0.800  0.541756614175
0.805  0.532442583575
0.810  0.52226666243
0.815  0.512886870883
0.820  0.504241679007
0.825  0.495630092675
0.830  0.486907147865
0.835  0.476977358928
0.840  0.465827335946
0.845  0.448459054657
0.850  0.433570394249
0.855  0.421349649078
0.860  0.409483676347
0.865  0.396452603181
0.870  0.382589819691
0.875  0.368465826954
0.880  0.354744191751
0.885  0.340886057712
0.890  0.326423879478
0.895  0.311525640326
0.900  0.297007900727
0.905  0.282786602612
0.910  0.268656481576
0.915  0.254611619835
0.920  0.240431772782
0.925  0.226229053501
0.930  0.21246851051
0.935  0.199976656786
0.940  0.187456102885
0.945  0.174880426118
0.950  0.162404822193
0.955  0.150013817103
0.960  0.137594721948
0.965  0.125102401373
0.970  0.115122573749
0.975  0.106121364121
0.980  0.0971433084897
0.985  0.0881597827042
0.990  0.0795878492286
0.995  0.072147468064
1.000  0.0646671832343
1.005  0.0571607837249
1.010  0.0496324506148
1.015  0.0429475053814
1.020  0.0386065204087
1.025  0.0342479284026
1.030  0.0298839952236
1.035  0.0267801891662
1.040  0.0237630148355
1.045  0.0207466360127
1.050  0.0177228596147
1.055  0.0146842542793
1.060  0.012042030927
1.065  0.0120386065349
1.070  0.0120346454471
1.075  0.012028071
1.080  0.012017306142
1.085  0.0120030919306
1.090  0.0119867344622
1.095  0.0119692066053
1.100  0.0
