# Column      Data                             Source
# ID          HITRAN molecule ID               --
# Molecule    Molecule name                    --
# Iso         Isotope ID                       AFGL code
# gi          State-independent stat. weight   Simeckova et al. (2006),
#                                              TIPS code.
#                                              Rothman et al (2013).
# Iso ratio   Isotopic ratio                   Simeckova et al. (2006).
#                                              Rothman et al (2013).
# Iso mass    Isotopic mass (amu)              Lide (2008) Handbook of chem.

# ID Molecule Iso        gi         Iso ratio    Iso mass
 1   H2O      161         1         9.973e-01    18.0105646
 1   H2O      181         1         1.999e-03    20.014811
 1   H2O      171         6         3.719e-04    19.014781
 1   H2O      162         6         3.107e-04    19.016841
 1   H2O      182         6         6.230e-07    21.021088
 1   H2O      172        36         1.158e-07    20.021058
 2   CO2      626         1         9.842e-01    43.98982920
 2   CO2      636         2         1.106e-02    44.99318400
 2   CO2      628         1         3.947e-03    45.99407560
 2   CO2      627         6         7.340e-04    44.99404630
 2   CO2      638         2         4.434e-05    46.99743043
 2   CO2      637        12         8.246e-06    45.99740113
 2   CO2      828         1         3.957e-06    47.99832200
 2   CO2      728         6         1.472e-06    46.99829270
 2   CO2      727         1         1.368e-07    45.99826370
 2   CO2      838         2         4.446e-08    49.00167680
 3   O3       666         1         9.929e-01    47.98474386
 3   O3       668         1         3.982e-03    49.98899024
 3   O3       686         1         1.991e-03    49.98899024
 3   O3       667         6         7.405e-04    48.98896094
 3   O3       676         6         3.702e-04    48.98896094
 4   N2O      446         9         9.903e-01    44.00106263
 4   N2O      456         6         3.641e-03    44.99809752
 4   N2O      546         6         3.641e-03    44.99809752
 4   N2O      448         9         1.986e-03    46.00530901
 4   N2O      447        54         3.693e-04    45.00527971
 5   CO        26         1         9.865e-01    27.99491460
 5   CO        36         2         1.108e-02    28.99826943
 5   CO        28         1         1.978e-03    29.99916100
 5   CO        27         6         3.679e-04    28.99913170
 5   CO        38         2         2.223e-05    31.00251583
 5   CO        37        12         4.133e-06    30.00248653
 6   CH4      211         1         9.883e-01    16.031300
 6   CH4      311         2         1.110e-02    17.034655
 6   CH4      212         3         6.158e-04    17.037577
 6   CH4      312         6         6.918e-06    18.040932
 7   O2        66         1         9.953e-01    31.98982924
 7   O2        68         1         3.991e-03    33.99407562
 7   O2        67         6         7.422e-04    32.99404632
 8   NO        46         3         9.940e-01    29.99798862
 8   NO        56         2         3.654e-03    30.99502352
 8   NO        48         3         1.993e-03    32.00223500
 9   SO2      626         1         9.457e-01    63.96190024
 9   SO2      646         1         4.195e-02    65.95769614
10   NO2      646         3         9.916e-01    45.99290324
11   NH3     4111         3         9.959e-01    17.02549
11   NH3     5111         2         3.661e-03    18.02358
12   HNO3     146         6         9.891e-01    62.99564289
12   HNO3     156         4         3.636e-03    63.99267778
13   OH        61         2         9.975e-01    17.00273965
13   OH        81         2         2.000e-03    19.00698603
13   OH        62         3         1.554e-04    18.00901639
14   HF        19         4         9.998e-01    20.00622825
14   HF        29         6         1.557e-04    21.01250499
15   HCl       15         8         7.576e-01    35.97667771
15   HCl       17         8         2.423e-01    37.97372762
15   HCl       25        12         1.180e-04    36.98295446
15   HCl       27        12         3.774e-05    38.98000437
16   HBr       19         8         5.068e-01    79.92616213
16   HBr       11         8         4.931e-01    81.92411563
16   HBr       29        12         7.894e-05    80.93243888
16   HBr       21        12         7.680e-05    82.93039238
17   HI        17        12         9.998e-01   127.9122980
17   HI        27        12         1.557e-04   128.9185748
18   ClO       56         4         7.559e-01    50.96376729
18   ClO       76         4         2.417e-01    52.96081721
19   OCS      622         1         9.374e-01    59.96698562
19   OCS      624         1         4.158e-02    61.96278152
19   OCS      632         2         1.053e-02    60.97034046
19   OCS      623         4         7.399e-03    60.96637338
19   OCS      822         1         1.880e-03    61.97306827
20   H2CO     126         1         9.862e-01    30.01056469
20   H2CO     136         2         1.108e-02    31.01391952
20   H2CO     128         1         1.978e-03    32.01481106
21   HOCl     165         8         7.558e-01    51.97159233
21   HOCl     167         8         2.417e-01    53.96864224
22   N2        44         1         9.927e-01    28.00614801
22   N2        45         6         7.478e-03    29.00318290
23   HCN      124         6         9.851e-01    27.010899
23   HCN      134        12         1.107e-02    28.014254
23   HCN      125         4         3.622e-03    28.007934
24   CH3Cl    215         4         7.489e-01    49.99232778
24   CH3Cl    217         4         2.395e-01    51.98937769
25   H2O2    1661         1         9.950e-01    34.00547930
26   C2H2    1221         1         9.776e-01    26.015650
26   C2H2    1231         8         2.197e-02    27.019005
26   C2H2    1222         6         3.046e-04    27.021927
27   C2H6    1221         1         9.770e-01    30.04695019                  
27   C2H6    1231         1         2.195e-02    31.05030503
28   PH3     1111         2         9.995e-01    33.99723673
29   COF2     269         1         9.865e-01    65.99172106
29   COF2     369         2         1.108e-02    66.99507589
30   SF6       29         1         9.502e-01   145.9624903
31   H2S      121         1         9.499e-01    33.98772106
31   H2S      141         1         4.214e-02    35.98351696
31   H2S      131         4         7.498e-03    34.98710882
32   HCOOH    126         4         9.839e-01    46.00547930
33   HO2      166         2         9.951e-01    32.99765427
34   O          6         1         9.976e-01    15.99491462
35   ClONO2  5646        12         7.496e-01    96.95667054
35   ClONO2  7646        12         2.397e-01    98.95372045
36   NO+       46         3         9.940e-01    29.99744001
37   HOBr     169         8         5.056e-01    95.92107675
37   HOBr     161         8         4.919e-01    97.91903025
38   C2H4     221         1         9.773e-01    29.03465497
38   C2H4     231         2         2.196e-02    28.03130013
39   CH3OH   2161         1         9.859e-01    32.02621475
40   CH3Br    219         4         5.010e-01    93.94181219
40   CH3Br    211         4         4.874e-01    95.93976569
41   CH3CN   2124         3         9.739e-01    41.02654910
42   CF4       29         1         9.889e-01    87.99361288
43   C4H2    2211         1         9.560e-01    50.01565006
44   HC3N   12224         6         9.633e-01    51.01089903
45   H2        11         1         9.997e-01     2.01565006
45   H2        12         6         3.114e-04     3.02192681
46   CS        22         1         9.396e-01    43.97207100
46   CS        24         1         4.168e-02    45.96786690
46   CS        32         2         1.056e-02    44.97542583
46   CS        23         4         7.417e-03    44.97145876
47   SO3       26         1         9.434e-01    95.95172944
48   C2N2    4224         1         0            0
48   C2N2    5225         1         0            0
49   SO        26         1         0            0
49   SO        46         1         0            0
49   SO        28         1         0            0
50   C3H4    1221         2         0            0
51   CH3     2111         1         0            0
52   CS2      222         1         0            0
52   CS2      224         1         0            0
52   CS2      223         4         0            0
52   CS2      232         2         0            0
