# This file incorporates the tabulated H2-H2 CIA data from:
#  http://www.astro.ku.dk/~aborysow/programs/ciah2he_dh_quantmech

@SPECIES
H2 He

@TEMPERATURES
               1000      2000      3000      4000      5000      6000      7000

# Wavenumber in cm-1, CIA coefficients in cm-1 amagat-2:
@DATA
    25.0  2.174e-08 1.995e-08 1.967e-08 2.016e-08 2.123e-08 2.281e-08 2.474e-08
    50.0  8.630e-08 7.948e-08 7.847e-08 8.044e-08 8.475e-08 9.108e-08 9.881e-08
    75.0  1.917e-07 1.776e-07 1.757e-07 1.803e-07 1.901e-07 2.044e-07 2.218e-07
   100.0  3.348e-07 3.128e-07 3.103e-07 3.188e-07 3.364e-07 3.620e-07 3.930e-07
   125.0  5.119e-07 4.836e-07 4.812e-07 4.952e-07 5.231e-07 5.632e-07 6.119e-07
   150.0  7.176e-07 6.871e-07 6.865e-07 7.079e-07 7.486e-07 8.068e-07 8.770e-07
   175.0  9.459e-07 9.201e-07 9.236e-07 9.547e-07 1.011e-06 1.091e-06 1.187e-06
   200.0  1.190e-06 1.179e-06 1.190e-06 1.233e-06 1.309e-06 1.414e-06 1.540e-06
   225.0  1.444e-06 1.458e-06 1.481e-06 1.541e-06 1.639e-06 1.773e-06 1.933e-06
   250.0  1.699e-06 1.753e-06 1.795e-06 1.874e-06 1.998e-06 2.166e-06 2.364e-06
   275.0  1.949e-06 2.060e-06 2.126e-06 2.229e-06 2.384e-06 2.589e-06 2.831e-06
   300.0  2.187e-06 2.371e-06 2.470e-06 2.603e-06 2.792e-06 3.039e-06 3.329e-06
   325.0  2.393e-06 2.669e-06 2.813e-06 2.983e-06 3.213e-06 3.507e-06 3.850e-06
   350.0  2.573e-06 2.959e-06 3.157e-06 3.371e-06 3.647e-06 3.993e-06 4.393e-06
   375.0  2.728e-06 3.236e-06 3.499e-06 3.763e-06 4.090e-06 4.494e-06 4.956e-06
   400.0  2.857e-06 3.498e-06 3.834e-06 4.156e-06 4.539e-06 5.005e-06 5.534e-06
   425.0  2.960e-06 3.742e-06 4.160e-06 4.545e-06 4.990e-06 5.523e-06 6.124e-06
   450.0  3.039e-06 3.965e-06 4.473e-06 4.928e-06 5.441e-06 6.045e-06 6.723e-06
   475.0  3.096e-06 4.168e-06 4.772e-06 5.302e-06 5.887e-06 6.567e-06 7.326e-06
   500.0  3.132e-06 4.348e-06 5.054e-06 5.665e-06 6.326e-06 7.086e-06 7.930e-06
   525.0  3.161e-06 4.513e-06 5.321e-06 6.017e-06 6.758e-06 7.601e-06 8.534e-06
   550.0  3.175e-06 4.657e-06 5.570e-06 6.353e-06 7.178e-06 8.109e-06 9.133e-06
   575.0  3.175e-06 4.781e-06 5.800e-06 6.673e-06 7.585e-06 8.606e-06 9.726e-06
   600.0  3.164e-06 4.884e-06 6.010e-06 6.976e-06 7.977e-06 9.091e-06 1.031e-05
   625.0  3.143e-06 4.968e-06 6.200e-06 7.260e-06 8.352e-06 9.562e-06 1.088e-05
   650.0  3.114e-06 5.034e-06 6.370e-06 7.525e-06 8.711e-06 1.002e-05 1.144e-05
   675.0  3.078e-06 5.084e-06 6.520e-06 7.771e-06 9.051e-06 1.046e-05 1.198e-05
   700.0  3.035e-06 5.118e-06 6.652e-06 7.998e-06 9.372e-06 1.088e-05 1.251e-05
   725.0  2.989e-06 5.141e-06 6.768e-06 8.207e-06 9.677e-06 1.128e-05 1.302e-05
   750.0  2.941e-06 5.152e-06 6.868e-06 8.399e-06 9.963e-06 1.167e-05 1.352e-05
   775.0  2.890e-06 5.152e-06 6.951e-06 8.571e-06 1.023e-05 1.204e-05 1.400e-05
   800.0  2.839e-06 5.141e-06 7.014e-06 8.669e-06 1.022e-05 1.239e-05 1.445e-05
   900.0  2.645e-06 5.025e-06 7.149e-06 9.116e-06 1.100e-05 1.358e-05 1.608e-05
  1000.0  2.470e-06 4.837e-06 7.123e-06 9.342e-06 1.152e-05 1.449e-05 1.740e-05
  1080.0  2.330e-06 4.659e-06 7.021e-06 9.395e-06 1.177e-05 1.503e-05 1.825e-05
  1160.0  2.180e-06 4.474e-06 6.876e-06 9.368e-06 1.192e-05 1.542e-05 1.894e-05
  1240.0  2.009e-06 4.287e-06 6.704e-06 9.282e-06 1.197e-05 1.571e-05 1.950e-05
  1320.0  1.837e-06 4.107e-06 6.522e-06 9.160e-06 1.197e-05 1.591e-05 1.995e-05
  1400.0  1.670e-06 3.933e-06 6.340e-06 9.018e-06 1.192e-05 1.605e-05 2.032e-05
  1480.0  1.502e-06 3.763e-06 6.162e-06 8.867e-06 1.185e-05 1.614e-05 2.064e-05
  1560.0  1.334e-06 3.593e-06 5.989e-06 8.717e-06 1.176e-05 1.622e-05 2.093e-05
  1640.0  1.162e-06 3.418e-06 5.822e-06 8.572e-06 1.168e-05 1.629e-05 2.120e-05
  1720.0  9.967e-07 3.241e-06 5.662e-06 8.438e-06 1.161e-05 1.638e-05 2.148e-05
  1800.0  8.450e-07 3.060e-06 5.506e-06 8.315e-06 1.156e-05 1.648e-05 2.179e-05
  1880.0  7.089e-07 2.877e-06 5.352e-06 8.205e-06 1.152e-05 1.662e-05 2.212e-05
  1960.0  5.873e-07 2.689e-06 5.198e-06 8.106e-06 1.151e-05 1.679e-05 2.249e-05
  2040.0  4.820e-07 2.501e-06 5.043e-06 8.018e-06 1.153e-05 1.699e-05 2.290e-05
  2120.0  3.924e-07 2.313e-06 4.886e-06 7.939e-06 1.157e-05 1.724e-05 2.336e-05
  2200.0  3.191e-07 2.133e-06 4.729e-06 7.870e-06 1.164e-05 1.752e-05 2.387e-05
  2280.0  2.600e-07 1.960e-06 4.571e-06 7.810e-06 1.174e-05 1.785e-05 2.441e-05
  2360.0  2.139e-07 1.798e-06 4.416e-06 7.761e-06 1.186e-05 1.821e-05 2.499e-05
  2440.0  1.792e-07 1.650e-06 4.266e-06 7.726e-06 1.201e-05 1.860e-05 2.560e-05
  2520.0  1.547e-07 1.521e-06 4.129e-06 7.711e-06 1.219e-05 1.903e-05 2.624e-05
  2600.0  1.388e-07 1.412e-06 4.011e-06 7.722e-06 1.240e-05 1.948e-05 2.688e-05
  2680.0  1.310e-07 1.328e-06 3.923e-06 7.771e-06 1.266e-05 1.996e-05 2.754e-05
  2760.0  1.310e-07 1.273e-06 3.877e-06 7.868e-06 1.295e-05 2.046e-05 2.818e-05
  2840.0  1.386e-07 1.251e-06 3.885e-06 8.025e-06 1.329e-05 2.097e-05 2.881e-05
  2920.0  1.547e-07 1.266e-06 3.960e-06 8.254e-06 1.368e-05 2.150e-05 2.942e-05
  3000.0  1.795e-07 1.326e-06 4.116e-06 8.566e-06 1.413e-05 2.203e-05 2.999e-05
  3080.0  2.134e-07 1.438e-06 4.367e-06 8.967e-06 1.462e-05 2.256e-05 3.053e-05
  3160.0  2.601e-07 1.615e-06 4.723e-06 9.460e-06 1.516e-05 2.309e-05 3.101e-05
  3240.0  3.242e-07 1.870e-06 5.192e-06 1.004e-05 1.573e-05 2.359e-05 3.143e-05
  3320.0  4.143e-07 2.218e-06 5.772e-06 1.069e-05 1.631e-05 2.406e-05 3.179e-05
  3400.0  5.444e-07 2.674e-06 6.455e-06 1.138e-05 1.689e-05 2.448e-05 3.207e-05
  3480.0  7.325e-07 3.251e-06 7.222e-06 1.210e-05 1.744e-05 2.484e-05 3.227e-05
  3560.0  1.002e-06 3.950e-06 8.042e-06 1.279e-05 1.793e-05 2.512e-05 3.239e-05
  3640.0  1.387e-06 4.754e-06 8.873e-06 1.345e-05 1.835e-05 2.533e-05 3.244e-05
  3720.0  1.929e-06 5.637e-06 9.679e-06 1.403e-05 1.870e-05 2.547e-05 3.241e-05
  3800.0  2.625e-06 6.523e-06 1.042e-05 1.454e-05 1.897e-05 2.553e-05 3.231e-05
  3880.0  3.382e-06 7.293e-06 1.102e-05 1.494e-05 1.916e-05 2.553e-05 3.216e-05
  3960.0  4.097e-06 7.908e-06 1.149e-05 1.523e-05 1.927e-05 2.545e-05 3.194e-05
  4040.0  4.733e-06 8.408e-06 1.187e-05 1.543e-05 1.930e-05 2.530e-05 3.166e-05
  4120.0  5.244e-06 8.803e-06 1.213e-05 1.552e-05 1.924e-05 2.508e-05 3.131e-05
  4200.0  5.553e-06 9.032e-06 1.223e-05 1.547e-05 1.905e-05 2.475e-05 3.087e-05
  4280.0  5.632e-06 9.079e-06 1.214e-05 1.524e-05 1.873e-05 2.431e-05 3.035e-05
  4360.0  5.458e-06 8.899e-06 1.185e-05 1.485e-05 1.827e-05 2.377e-05 2.975e-05
  4440.0  5.006e-06 8.423e-06 1.131e-05 1.427e-05 1.770e-05 2.313e-05 2.907e-05
  4520.0  4.311e-06 7.674e-06 1.057e-05 1.356e-05 1.702e-05 2.243e-05 2.835e-05
  4600.0  3.625e-06 6.858e-06 9.758e-06 1.278e-05 1.630e-05 2.170e-05 2.759e-05
  4680.0  3.065e-06 6.091e-06 8.960e-06 1.201e-05 1.559e-05 2.097e-05 2.684e-05
  4760.0  2.638e-06 5.416e-06 8.219e-06 1.129e-05 1.492e-05 2.026e-05 2.610e-05
  4840.0  2.310e-06 4.843e-06 7.556e-06 1.062e-05 1.429e-05 1.959e-05 2.538e-05
  4920.0  2.059e-06 4.372e-06 6.983e-06 1.003e-05 1.372e-05 1.896e-05 2.469e-05
  5000.0  1.866e-06 3.991e-06 6.496e-06 9.513e-06 1.321e-05 1.839e-05 2.403e-05
  5080.0  1.705e-06 3.681e-06 6.089e-06 9.069e-06 1.276e-05 1.785e-05 2.340e-05
  5160.0  1.561e-06 3.428e-06 5.749e-06 8.687e-06 1.235e-05 1.735e-05 2.279e-05
  5240.0  1.422e-06 3.215e-06 5.461e-06 8.355e-06 1.198e-05 1.687e-05 2.219e-05
  5320.0  1.280e-06 3.028e-06 5.215e-06 8.065e-06 1.165e-05 1.642e-05 2.159e-05
  5400.0  1.138e-06 2.856e-06 4.997e-06 7.801e-06 1.133e-05 1.597e-05 2.099e-05
  5480.0  9.969e-07 2.688e-06 4.791e-06 7.547e-06 1.100e-05 1.551e-05 2.038e-05
  5560.0  8.594e-07 2.520e-06 4.590e-06 7.295e-06 1.068e-05 1.504e-05 1.975e-05
  5640.0  7.272e-07 2.347e-06 4.388e-06 7.041e-06 1.034e-05 1.455e-05 1.910e-05
  5720.0  6.053e-07 2.170e-06 4.179e-06 6.776e-06 9.984e-06 1.404e-05 1.842e-05
  5800.0  4.953e-07 1.985e-06 3.956e-06 6.491e-06 9.605e-06 1.351e-05 1.772e-05
  5880.0  3.991e-07 1.796e-06 3.719e-06 6.187e-06 9.201e-06 1.296e-05 1.700e-05
  5960.0  3.171e-07 1.607e-06 3.469e-06 5.863e-06 8.774e-06 1.238e-05 1.626e-05
  6040.0  2.498e-07 1.422e-06 3.208e-06 5.519e-06 8.323e-06 1.178e-05 1.550e-05
  6120.0  1.953e-07 1.242e-06 2.938e-06 5.157e-06 7.849e-06 1.116e-05 1.473e-05
  6200.0  1.520e-07 1.073e-06 2.666e-06 4.784e-06 7.362e-06 1.052e-05 1.395e-05
  6280.0  1.184e-07 9.175e-07 2.397e-06 4.407e-06 6.867e-06 9.885e-06 1.316e-05
  6360.0  9.259e-08 7.780e-07 2.137e-06 4.031e-06 6.372e-06 9.247e-06 1.238e-05
  6440.0  7.280e-08 6.551e-07 1.889e-06 3.661e-06 5.878e-06 8.613e-06 1.161e-05
  6520.0  5.767e-08 5.493e-07 1.659e-06 3.305e-06 5.394e-06 7.990e-06 1.085e-05
  6600.0  4.604e-08 4.593e-07 1.450e-06 2.968e-06 4.930e-06 7.388e-06 1.011e-05
  6680.0  3.707e-08 3.840e-07 1.264e-06 2.657e-06 4.491e-06 6.814e-06 9.410e-06
  6760.0  3.024e-08 3.217e-07 1.100e-06 2.373e-06 4.083e-06 6.272e-06 8.740e-06
  6840.0  2.511e-08 2.708e-07 9.573e-07 2.116e-06 3.706e-06 5.765e-06 8.108e-06
  6920.0  2.127e-08 2.294e-07 8.341e-07 1.886e-06 3.360e-06 5.295e-06 7.517e-06
  7000.0  1.834e-08 1.958e-07 7.283e-07 1.682e-06 3.046e-06 4.861e-06 6.965e-06
  7080.0  1.611e-08 1.687e-07 6.379e-07 1.501e-06 2.762e-06 4.462e-06 6.454e-06
  7160.0  1.443e-08 1.468e-07 5.608e-07 1.342e-06 2.506e-06 4.098e-06 5.981e-06
  7240.0  1.339e-08 1.294e-07 4.953e-07 1.202e-06 2.276e-06 3.766e-06 5.545e-06
  7320.0  1.299e-08 1.157e-07 4.398e-07 1.079e-06 2.071e-06 3.464e-06 5.144e-06
  7400.0  1.315e-08 1.050e-07 3.928e-07 9.715e-07 1.887e-06 3.191e-06 4.777e-06
  7480.0  1.367e-08 9.664e-08 3.529e-07 8.777e-07 1.724e-06 2.943e-06 4.440e-06
  7560.0  1.443e-08 8.994e-08 3.190e-07 7.959e-07 1.578e-06 2.719e-06 4.131e-06
  7640.0  1.527e-08 8.439e-08 2.900e-07 7.243e-07 1.448e-06 2.516e-06 3.849e-06
  7720.0  1.611e-08 7.958e-08 2.650e-07 6.616e-07 1.332e-06 2.333e-06 3.591e-06
  7800.0  1.669e-08 7.524e-08 2.434e-07 6.064e-07 1.229e-06 2.167e-06 3.355e-06
  7880.0  1.707e-08 7.142e-08 2.245e-07 5.579e-07 1.137e-06 2.017e-06 3.139e-06
  7960.0  1.756e-08 6.824e-08 2.083e-07 5.153e-07 1.054e-06 1.881e-06 2.940e-06
  8040.0  1.828e-08 6.578e-08 1.944e-07 4.780e-07 9.804e-07 1.757e-06 2.759e-06
  8120.0  1.902e-08 6.381e-08 1.825e-07 4.452e-07 9.146e-07 1.645e-06 2.592e-06
  8200.0  1.988e-08 6.229e-08 1.722e-07 4.165e-07 8.558e-07 1.543e-06 2.438e-06
  8280.0  2.071e-08 6.081e-08 1.632e-07 3.910e-07 8.028e-07 1.450e-06 2.297e-06
  8360.0  2.110e-08 5.907e-08 1.549e-07 3.682e-07 7.550e-07 1.366e-06 2.166e-06
  8440.0  2.073e-08 5.688e-08 1.474e-07 3.479e-07 7.118e-07 1.288e-06 2.046e-06
  8520.0  2.011e-08 5.458e-08 1.407e-07 3.300e-07 6.731e-07 1.217e-06 1.935e-06
  8600.0  1.912e-08 5.222e-08 1.349e-07 3.146e-07 6.385e-07 1.152e-06 1.832e-06
  8680.0  1.801e-08 5.012e-08 1.301e-07 3.014e-07 6.077e-07 1.093e-06 1.736e-06
  8760.0  1.683e-08 4.837e-08 1.261e-07 2.897e-07 5.796e-07 1.038e-06 1.647e-06
  8840.0  1.626e-08 4.706e-08 1.222e-07 2.784e-07 5.528e-07 9.864e-07 1.563e-06
  8920.0  1.582e-08 4.582e-08 1.179e-07 2.666e-07 5.263e-07 9.366e-07 1.483e-06
  9000.0  1.527e-08 4.493e-08 1.137e-07 2.547e-07 5.005e-07 8.887e-07 1.407e-06
  9080.0  1.429e-08 4.426e-08 1.099e-07 2.434e-07 4.756e-07 8.429e-07 1.334e-06
  9160.0  1.309e-08 4.389e-08 1.074e-07 2.338e-07 4.528e-07 7.998e-07 1.266e-06
  9240.0  1.181e-08 4.372e-08 1.063e-07 2.262e-07 4.323e-07 7.596e-07 1.201e-06
  9320.0  1.045e-08 4.328e-08 1.057e-07 2.196e-07 4.131e-07 7.216e-07 1.139e-06
  9400.0  8.708e-09 4.115e-08 1.030e-07 2.110e-07 3.929e-07 6.839e-07 1.080e-06
  9480.0  7.116e-09 3.717e-08 9.659e-08 1.984e-07 3.697e-07 6.450e-07 1.021e-06
  9560.0  5.767e-09 3.164e-08 8.654e-08 1.819e-07 3.439e-07 6.053e-07 9.634e-07
  9640.0  4.730e-09 2.541e-08 7.396e-08 1.625e-07 3.160e-07 5.651e-07 9.069e-07
  9720.0  3.981e-09 1.986e-08 6.153e-08 1.431e-07 2.887e-07 5.263e-07 8.528e-07
  9800.0  3.463e-09 1.571e-08 5.123e-08 1.261e-07 2.639e-07 4.903e-07 8.021e-07
  9880.0  3.090e-09 1.280e-08 4.329e-08 1.121e-07 2.422e-07 4.578e-07 7.552e-07
  9960.0  2.815e-09 1.073e-08 3.718e-08 1.005e-07 2.234e-07 4.283e-07 7.118e-07
 10040.0  2.609e-09 9.252e-09 3.254e-08 9.114e-08 2.072e-07 4.019e-07 6.719e-07
 10120.0  2.450e-09 8.201e-09 2.900e-08 8.351e-08 1.933e-07 3.782e-07 6.351e-07
 10200.0  2.317e-09 7.441e-09 2.629e-08 7.724e-08 1.811e-07 3.567e-07 6.011e-07
 10280.0  2.196e-09 6.884e-09 2.420e-08 7.206e-08 1.705e-07 3.372e-07 5.695e-07
 10360.0  2.080e-09 6.470e-09 2.256e-08 6.772e-08 1.611e-07 3.194e-07 5.402e-07
 10440.0  1.959e-09 6.157e-09 2.127e-08 6.405e-08 1.527e-07 3.030e-07 5.129e-07
 10520.0  1.842e-09 5.919e-09 2.023e-08 6.089e-08 1.452e-07 2.879e-07 4.872e-07
 10600.0  1.731e-09 5.734e-09 1.939e-08 5.815e-08 1.384e-07 2.739e-07 4.632e-07
 10680.0  1.629e-09 5.589e-09 1.869e-08 5.571e-08 1.320e-07 2.607e-07 4.404e-07
 10760.0  1.531e-09 5.470e-09 1.812e-08 5.354e-08 1.262e-07 2.483e-07 4.189e-07
 10840.0  1.434e-09 5.363e-09 1.763e-08 5.157e-08 1.208e-07 2.367e-07 3.986e-07
 10920.0  1.343e-09 5.263e-09 1.719e-08 4.975e-08 1.157e-07 2.256e-07 3.792e-07
 11000.0  1.256e-09 5.160e-09 1.678e-08 4.804e-08 1.108e-07 2.151e-07 3.607e-07
 11080.0  1.171e-09 5.049e-09 1.639e-08 4.640e-08 1.062e-07 2.051e-07 3.431e-07
 11160.0  1.086e-09 4.929e-09 1.600e-08 4.481e-08 1.017e-07 1.954e-07 3.262e-07
 11240.0  1.005e-09 4.800e-09 1.559e-08 4.323e-08 9.731e-08 1.862e-07 3.101e-07
 11320.0  9.285e-10 4.665e-09 1.517e-08 4.164e-08 9.305e-08 1.772e-07 2.946e-07
 11400.0  8.681e-10 4.533e-09 1.473e-08 4.006e-08 8.889e-08 1.686e-07 2.797e-07
 11480.0  8.358e-10 4.399e-09 1.429e-08 3.849e-08 8.482e-08 1.602e-07 2.654e-07
 11560.0  8.407e-10 4.264e-09 1.385e-08 3.694e-08 8.085e-08 1.521e-07 2.516e-07
 11640.0  8.593e-10 4.118e-09 1.340e-08 3.542e-08 7.700e-08 1.443e-07 2.384e-07
 11720.0  8.465e-10 3.953e-09 1.295e-08 3.393e-08 7.326e-08 1.368e-07 2.257e-07
 11800.0  7.847e-10 3.772e-09 1.248e-08 3.244e-08 6.960e-08 1.295e-07 2.136e-07
 11880.0  6.888e-10 3.582e-09 1.199e-08 3.096e-08 6.602e-08 1.225e-07 2.019e-07
 11960.0  6.046e-10 3.388e-09 1.146e-08 2.944e-08 6.251e-08 1.157e-07 1.906e-07
 12040.0  5.797e-10 3.200e-09 1.089e-08 2.788e-08 5.903e-08 1.092e-07 1.799e-07
 12120.0  6.059e-10 3.026e-09 1.027e-08 2.629e-08 5.561e-08 1.028e-07 1.695e-07
 12200.0  6.579e-10 2.865e-09 9.640e-09 2.468e-08 5.225e-08 9.668e-08 1.596e-07
 12280.0  7.092e-10 2.721e-09 9.010e-09 2.309e-08 4.898e-08 9.077e-08 1.502e-07
 12360.0  7.571e-10 2.605e-09 8.415e-09 2.156e-08 4.582e-08 8.510e-08 1.411e-07
 12440.0  7.868e-10 2.511e-09 7.869e-09 2.010e-08 4.280e-08 7.968e-08 1.324e-07
 12520.0  7.981e-10 2.430e-09 7.362e-09 1.871e-08 3.992e-08 7.452e-08 1.242e-07
 12600.0  7.868e-10 2.353e-09 6.888e-09 1.740e-08 3.718e-08 6.961e-08 1.164e-07
 12680.0  7.489e-10 2.264e-09 6.429e-09 1.614e-08 3.458e-08 6.496e-08 1.090e-07
 12760.0  6.740e-10 2.142e-09 5.971e-09 1.494e-08 3.212e-08 6.056e-08 1.020e-07
 12840.0  5.803e-10 1.984e-09 5.506e-09 1.380e-08 2.979e-08 5.641e-08 9.535e-08
 12920.0  4.810e-10 1.796e-09 5.038e-09 1.270e-08 2.758e-08 5.250e-08 8.911e-08
 13000.0  3.860e-10 1.589e-09 4.570e-09 1.166e-08 2.551e-08 4.882e-08 8.323e-08
 13080.0  3.058e-10 1.384e-09 4.119e-09 1.067e-08 2.356e-08 4.537e-08 7.769e-08
 13160.0  2.433e-10 1.197e-09 3.696e-09 9.746e-09 2.174e-08 4.212e-08 7.249e-08
 13240.0  1.948e-10 1.033e-09 3.307e-09 8.887e-09 2.004e-08 3.908e-08 6.760e-08
 13320.0  1.568e-10 8.899e-10 2.953e-09 8.095e-09 1.845e-08 3.625e-08 6.301e-08
 13400.0  1.271e-10 7.669e-10 2.638e-09 7.371e-09 1.699e-08 3.360e-08 5.871e-08
 13480.0  1.041e-10 6.619e-10 2.356e-09 6.711e-09 1.563e-08 3.113e-08 5.468e-08
 13560.0  8.655e-11 5.728e-10 2.107e-09 6.110e-09 1.438e-08 2.883e-08 5.091e-08
 13640.0  7.322e-11 4.978e-10 1.887e-09 5.564e-09 1.323e-08 2.670e-08 4.739e-08
 13720.0  6.320e-11 4.351e-10 1.693e-09 5.071e-09 1.216e-08 2.471e-08 4.410e-08
 13800.0  5.562e-11 3.827e-10 1.523e-09 4.624e-09 1.119e-08 2.287e-08 4.102e-08
 13880.0  4.991e-11 3.391e-10 1.373e-09 4.219e-09 1.029e-08 2.117e-08 3.816e-08
 13960.0  4.553e-11 3.030e-10 1.242e-09 3.854e-09 9.469e-09 1.959e-08 3.549e-08
 14040.0  4.223e-11 2.734e-10 1.128e-09 3.527e-09 8.717e-09 1.813e-08 3.300e-08
 14120.0  3.983e-11 2.493e-10 1.029e-09 3.232e-09 8.029e-09 1.678e-08 3.069e-08
 14200.0  3.807e-11 2.295e-10 9.419e-10 2.967e-09 7.400e-09 1.554e-08 2.854e-08
 14280.0  3.662e-11 2.132e-10 8.663e-10 2.728e-09 6.825e-09 1.439e-08 2.654e-08
 14360.0  3.536e-11 1.997e-10 7.998e-10 2.512e-09 6.297e-09 1.332e-08 2.468e-08
 14440.0  3.417e-11 1.883e-10 7.406e-10 2.315e-09 5.810e-09 1.233e-08 2.294e-08
 14520.0  3.321e-11 1.790e-10 6.881e-10 2.135e-09 5.361e-09 1.142e-08 2.132e-08
 14600.0  3.250e-11 1.713e-10 6.411e-10 1.970e-09 4.947e-09 1.057e-08 1.982e-08
 14680.0  3.221e-11 1.647e-10 5.988e-10 1.820e-09 4.564e-09 9.779e-09 1.841e-08
 14760.0  3.254e-11 1.587e-10 5.598e-10 1.681e-09 4.211e-09 9.048e-09 1.711e-08
 14840.0  3.394e-11 1.532e-10 5.234e-10 1.552e-09 3.884e-09 8.369e-09 1.589e-08
 14920.0  3.629e-11 1.477e-10 4.895e-10 1.433e-09 3.582e-09 7.741e-09 1.476e-08
 15000.0  4.014e-11 1.423e-10 4.579e-10 1.324e-09 3.304e-09 7.160e-09 1.370e-08
 15080.0  4.460e-11 1.363e-10 4.283e-10 1.225e-09 3.049e-09 6.623e-09 1.273e-08
 15160.0  4.775e-11 1.300e-10 4.007e-10 1.133e-09 2.814e-09 6.127e-09 1.182e-08
 15240.0  4.611e-11 1.230e-10 3.750e-10 1.049e-09 2.599e-09 5.668e-09 1.098e-08
 15320.0  4.082e-11 1.156e-10 3.505e-10 9.707e-10 2.399e-09 5.244e-09 1.019e-08
 15400.0  3.513e-11 1.085e-10 3.269e-10 8.974e-10 2.214e-09 4.849e-09 9.463e-09
 15480.0  3.246e-11 1.024e-10 3.042e-10 8.283e-10 2.041e-09 4.483e-09 8.784e-09
 15560.0  3.208e-11 9.728e-11 2.828e-10 7.636e-10 1.880e-09 4.142e-09 8.151e-09
 15640.0  3.278e-11 9.302e-11 2.628e-10 7.033e-10 1.731e-09 3.826e-09 7.563e-09
 15720.0  3.387e-11 8.913e-11 2.438e-10 6.468e-10 1.592e-09 3.533e-09 7.015e-09
 15800.0  3.496e-11 8.539e-11 2.258e-10 5.941e-10 1.464e-09 3.261e-09 6.506e-09
 15880.0  3.562e-11 8.171e-11 2.088e-10 5.451e-10 1.345e-09 3.009e-09 6.033e-09
 15960.0  3.564e-11 7.821e-11 1.932e-10 5.003e-10 1.236e-09 2.776e-09 5.593e-09
 16088.0  3.389e-11 7.290e-11 1.716e-10 4.370e-10 1.080e-09 2.441e-09 4.956e-09
 16288.0  2.765e-11 6.421e-11 1.441e-10 3.559e-10 8.762e-10 1.997e-09 4.103e-09
 16488.0  2.028e-11 5.247e-11 1.183e-10 2.881e-10 7.096e-10 1.633e-09 3.395e-09
 16688.0  1.511e-11 4.087e-11 9.452e-11 2.309e-10 5.724e-10 1.333e-09 2.808e-09
 16888.0  1.215e-11 3.186e-11 7.484e-11 1.840e-10 4.605e-10 1.086e-09 2.321e-09
 17088.0  1.055e-11 2.550e-11 5.944e-11 1.464e-10 3.701e-10 8.852e-10 1.918e-09
 17288.0  9.203e-12 2.109e-11 4.771e-11 1.167e-10 2.974e-10 7.211e-10 1.585e-09
 17488.0  7.689e-12 1.786e-11 3.877e-11 9.337e-11 2.391e-10 5.875e-10 1.310e-09
 17688.0  6.012e-12 1.511e-11 3.169e-11 7.482e-11 1.922e-10 4.787e-10 1.082e-09
 17888.0  4.302e-12 1.239e-11 2.573e-11 5.987e-11 1.545e-10 3.900e-10 8.949e-10
 18088.0  2.853e-12 9.686e-12 2.052e-11 4.766e-11 1.241e-10 3.177e-10 7.399e-10
 18288.0  1.800e-12 7.266e-12 1.606e-11 3.770e-11 9.942e-11 2.588e-10 6.119e-10
 18488.0  1.102e-12 5.282e-12 1.236e-11 2.963e-11 7.955e-11 2.107e-10 5.062e-10
 18688.0  6.645e-13 3.754e-12 9.371e-12 2.316e-11 6.355e-11 1.716e-10 4.188e-10
 18888.0  3.978e-13 2.627e-12 7.031e-12 1.802e-11 5.071e-11 1.397e-10 3.466e-10
 19088.0  2.380e-13 1.820e-12 5.232e-12 1.397e-11 4.043e-11 1.137e-10 2.870e-10
 19288.0  1.428e-13 1.252e-12 3.869e-12 1.080e-11 3.221e-11 9.263e-11 2.377e-10
 19488.0  8.634e-14 8.580e-13 2.850e-12 8.329e-12 2.566e-11 7.546e-11 1.970e-10
 19688.0  5.275e-14 5.868e-13 2.093e-12 6.417e-12 2.044e-11 6.150e-11 1.633e-10
 19888.0  3.273e-14 4.012e-13 1.534e-12 4.941e-12 1.628e-11 5.015e-11 1.355e-10
 20088.0  2.073e-14 2.745e-13 1.124e-12 3.804e-12 1.298e-11 4.091e-11 1.124e-10
